Metrics without rules:
rmse: 1.1377090447455052
mse: 1.29438187049573
mae: 0.9609926510954666
Metrics with rules, AH common:
rmse: 0.7417760187787003
mse: 0.5502316620351786
mae: 0.5506799752202188
loo: -590.078911573999
Metrics with rules, AH common, y lowest:
rmse: 0.6180997017617397
mse: 0.3820472413179516
mae: 0.44724331620567087
loo: -588.8864034896834