Metrics without rules:
rmse: 4.051066970894066
mse: 16.411143602668822
mae: 3.1687220306089063
Metrics with rules:
rmse: 1.6555626795525382
mse: 2.7408877859271805
mae: 1.3375813232631792
